7407983.247
6141519.205
5531400.765
6320075.672
5953773.291
5947269.806
5583951.879
6723458.628
6511290.985
6880404.100
6564241.179
6107178.807
6003071.020
6686783.443
6661465.405
6298618.568
6077941.382
5817920.927
5358885.482
6583209.168
5783563.337
6688294.618
5645165.556
5879755.020
5370758.951
5475068.311
6646347.022
6290426.118
5414607.633
5684525.198
6779104.616
6577029.620
6166687.215
6120622.572
6132014.035
5984090.463
5976156.721
5681537.846
6214109.789
5839002.072
5992574.363
5883248.830
5784798.119
6558296.516
5395798.751
6171622.554
5942222.323
5813511.674
5695452.781
6722384.812
6606034.221
5841895.877
6381159.669
5938990.937
6671142.538
6137725.163
5388046.360
6342362.620
5874310.827
4954950.620
5456445.327
6539972.501
7135539.519
7241639.109
5904179.955
6618235.252
6341133.971
6292583.622
7017950.221
5076661.039
5720179.609
5899424.393
5526084.295
6583421.373
6968582.078
5899690.125
6721220.695
6446691.237
6253291.801
6453566.796
6178267.149
6547503.946
5156357.870
6757677.412
5847187.506
6150241.008
5674433.949
6350235.967
5915963.767
5571299.783
5879882.804
6029390.432
6840502.229
5739020.645
5951968.870
5719328.585
6747780.123
5345963.207
5750032.011
5448630.112
5884836.501
6662904.746
5562447.726
6266611.801
6692674.839
6240845.309
5975361.048
6934269.580
5957865.254
6196652.025
6364673.612
6110159.583
7052004.384
6179333.969
6247589.285
5721069.056
6267463.938
5682681.234
6094302.575
5181142.935
5686584.997
5169521.235
5414453.832
6565582.956
5504434.835
6029340.936
6110681.810
5882147.008
5803257.036
6342321.247
6414586.949
5286999.080
6126852.921
5568377.575
5977523.442
6695985.921
5696982.361
7104736.523
5865044.657
6200922.884
6037730.136
5852220.305
5826571.756
6967711.230
6660863.451
6333839.873
5086337.105
6083583.911
6061315.317
6270692.516
6082813.719
5895099.771
6128128.636
5863428.867
7217824.377
5521145.593
6160524.279
6031982.852
6339222.790
6305638.879
6389448.404
6496903.214
6310161.752
6604770.861
6189521.230
6769408.931
6346169.927
6417453.585
6560956.323
6228538.713
5841794.316
5234710.530
6036046.807
6571799.055
6041575.966
5328485.728
5358025.055
5830219.144
5403708.814
6139708.733
6278280.072
5912006.768
6302383.038
7061208.365
5360426.519
5609455.125
6099907.511
6696301.127
6774422.855
6168052.480
6205888.519
6141668.732
5817164.558
5983702.119
6265670.928
6595099.333
5937298.136
5846078.499
6198598.212
5410109.058
